#       Diameter (nm)
1		1.976
2		1.983
3		1.668
4		2.562
5		2.213
6		2.076
7		1.844
8		1.879
9		1.876
10		1.977
11		1.812
12		1.649
13		1.660
14		1.703
15		2.709
16		1.644
17		2.114
18		1.771
19		1.825
20		2.091
21		2.004
22		2.054
23		2.425
24		2.174
25		2.659
26		2.764
27		2.420
28		1.367
29		2.823
30		1.618
31		2.101
32		2.134
33		2.214
34		1.984
35		2.034
36		2.251
37	    2.900
38	    2.885
39	    2.753
40	    3.050
41	    3.345
42	    3.537
43	    3.184
44	    2.833
45	    3.151
46	    2.686
47	    3.037
48	    3.549
49	    3.003
50	    2.725
51	    3.074
52	    3.131
53	    2.602
54	    3.206
55	    3.049
56	    3.257
57	    2.816
58	    2.742
59	    2.743
60	    2.781
61	    3.008
62	    2.614
63	    2.947
64	    3.576
65	    2.978
66	    3.101
67	    4.015
68	    3.607
69	    3.535
70	    3.007
71	    3.343
72	    3.810
73	    3.296
74	    3.823
75	    2.657
76	    3.676
77	    3.516
78	    3.130
79	    3.595
80	    3.167
81	    3.048
82	    3.851
83	    2.937
84	    2.740
85	    3.063
86	    3.720
87	    3.467
88	    2.907
89	    3.014
90	    3.384
91	    2.548
92	    3.676
93	    2.902
94	    2.663
95	    3.309
96	    3.117
97	    3.618
98	    2.831
99	    3.018
100     2.884
